103426758
103426758
013426758
130426758
123406758
103426758
013426758
103426758
413026758
130426758
103426758
136420758
123406758
123046758
123460758
103426758
123456708
103426758
013426758
103426758
013426758
130426758
123406758
413026758
413206758
013426758
413726058
130426758
103426758
013426758
130426758
123406758
136420758
136402758
130426758
136428750
123406758
123046758
123406758
023146758
123746058
123460758
123406758
120463758
123468750
103426758
013426758
130426758
123406758
123456708
123456078
123456780
